240 240 240 240 240 240 240 240 240 240 240 240 240 240 240 240
240 240 240 240 240 240 240 240 240 240 240 240 240 240 240 240
240 240 240 240 240 240 240 240 240 240 240 240 240 240 240 240
240 240 240 240 240 240 240 240 240 240 240 240 240 240 240 240
240 240 240 240 240 240 240 240 240 240 240 240 240 240 240 240
240 240 240 240 240 240 240 240 240 240 240 240 240 240 240 240
240 240 240  10 240 240 240 240  10 240 240 240 240 240 240 240
240 240 240  10 240 240 240 240 240 240 240 240 240 240 240 240
240 240 240  10 240 240 240 240 240 240 240 240 240 240 240 240
240 240 240  10 240 240  10 240 240 240 240 240 240 240 240 240
240 240 240  10 240 240  10 240 240 240 240 240 240 240 240 240
240 240 240  10 240 240 240 240 240 240 240 240 240 240 240 240
240 240 240  10 239 240 240 240 240 242 240 240 240 240 240 240
240 240 240  10   8 240 240 240 240  10 240 240 240 240 240 240
240 240 237  10  10 240 240 240  10  10 240 240 240 240 240 240
240 240 240 240 240 240 240 240 240 240 240 240 240 240 240 240
240 240 240 240 240 240 240 240 240 240 240 240 240 240 240 240
240 240 240 240 240 240 240 240 240 240 240 240 240 240 240 240
240 240 240 240 240 240 240 240 240 240 240 240 240 240 240 240
240 240 240 240 240 240 240 240 240 240 240 240 240 240 240 240
240 240 240 240 240 240 240 240 240 240 240 240 240 240 240 240
240 240 240 240 240 240 240 240 240 240 240 240 240 240 240 240
240 240 240  10 240 240 240 240  10 240 240 240 240 240 240 240
240 240 240  10 240 240 240 240 240 240 240 240 240 240 240 240
240 240 240  10 240 240 240 240 240 240 240 240 240 240 240 240
240 240 240  10 240 240  10 240 240 240 240 240 240 240 240 240
240 240 240  10 240 240  10 240 240 240 240 240 240 240 240 240
240 240 240  10 240 240 240 240 240 240 240 240 240 240 240 240
240 240 240  10 239 240 240 240 240 242 240 240 240 240 240 240
240 240 240  10   8 240 240 240 240  10 240 240 240 240 240 240
240 240 237  10  10 240 240 240  10  10 240 240 240 240 240 240
240 240 240 240 240 240 240 240 240 240 240 240 240 240 240 240
240 240 240 240 240 240 240 240 240 240 240 240 240 240 240 240
240 240 240 240 240 240 240 240 240 240 240 240 240 240 240 240
240 240 240 240 240 240 240 240 240 240 240 240 240 240 240 240
240 240 240 240 240 240 240 240 240 240 240 240 240 240 240 240
240 240 240 240 240 240 240 240 240 240 240 240 240 240 240 240
240 240 240 240 240 240 240 240 240 240 240 240 240 240 240 240
240 240 240  10 240 240 240 240  10 240 240 240 240 240 240 240
240 240 240  10 240 240 240 240 240 240 240 240 240 240 240 240
240 240 240  10 240 240 240 240 240 240 240 240 240 240 240 240
240 240 240  10 240 240  10 240 240 240 240 240 240 240 240 240
240 240 240  10 240 240  10 240 240 240 240 240 240 240 240 240
240 240 240  10 240 240 240 240 240 240 240 240 240 240 240 240
240 240 240  10 239 240 240 240 240 242 240 240 240 240 240 240
240 240 240  10   8 240 240 240 240  10 240 240 240 240 240 240
240 240 237  10  10 240 240 240  10  10 240 240 240 240 240 240
240 240 240 240 240 240 240 240 240 240 240 240 240 240 240 240

240 240 240 240 240 240 240 240 240 240 240 240 240 240 240 240
240 240 240 240 240 240 240 240 240 240 240 240 240 240 240 240
240 240 240 240 240 240 240 240 240 240 240 240 240 240 240 240
240 240 240 240 240 240 240 240 240 240 240 240 240 240 240 240
240 240 240 240 240 240 240 240 240 240 240 240 240 240 240 240
240 240 240 240 240 240 240 240 240 240 240 240 240 240 240 240
240 240 240 240 240 240 240 240 240 240 240 240 242  10  10 240
240 240 240 240 240 240  10 240 240 240 240 240 240 240  10 240
240 240 240 240 240 240 240 240 240 240 240 240 240 240 240 240
240 240 240 240 240 240 240 240 240  10  10 240 240 240 240 240
240 240 240 240 240 240 240 240 240 240 240 240 240 240 240 240
240 240 240 240 240 240 240 240 240 240 240 240 239   8  10 240
240 240 240 240 240 240  10  10  10  10  10  10  10  10  10 240
240 240 240 240 240 240 240 240 240 240 240 240 240 240 237 240
240 240 240 240 240 240 240 240 240 240 240 240 240 240 240 240
240 240 240 240 240 240 240 240 240 240 240 240 240 240 240 240
240 240 240 240 240 240 240 240 240 240 240 240 240 240 240 240
240 240 240 240 240 240 240 240 240 240 240 240 240 240 240 240
240 240 240 240 240 240 240 240 240 240 240 240 240 240 240 240
240 240 240 240 240 240 240 240 240 240 240 240 240 240 240 240
240 240 240 240 240 240 240 240 240 240 240 240 240 240 240 240
240 240 240 240 240 240 240 240 240 240 240 240 240 240 240 240
240 240 240 240 240 240 240 240 240 240 240 240 242  10  10 240
240 240 240 240 240 240  10 240 240 240 240 240 240 240  10 240
240 240 240 240 240 240 240 240 240 240 240 240 240 240 240 240
240 240 240 240 240 240 240 240 240  10  10 240 240 240 240 240
240 240 240 240 240 240 240 240 240 240 240 240 240 240 240 240
240 240 240 240 240 240 240 240 240 240 240 240 239   8  10 240
240 240 240 240 240 240  10  10  10  10  10  10  10  10  10 240
240 240 240 240 240 240 240 240 240 240 240 240 240 240 237 240
240 240 240 240 240 240 240 240 240 240 240 240 240 240 240 240
240 240 240 240 240 240 240 240 240 240 240 240 240 240 240 240
240 240 240 240 240 240 240 240 240 240 240 240 240 240 240 240
240 240 240 240 240 240 240 240 240 240 240 240 240 240 240 240
240 240 240 240 240 240 240 240 240 240 240 240 240 240 240 240
240 240 240 240 240 240 240 240 240 240 240 240 240 240 240 240
240 240 240 240 240 240 240 240 240 240 240 240 240 240 240 240
240 240 240 240 240 240 240 240 240 240 240 240 240 240 240 240
240 240 240 240 240 240 240 240 240 240 240 240 242  10  10 240
240 240 240 240 240 240  10 240 240 240 240 240 240 240  10 240
240 240 240 240 240 240 240 240 240 240 240 240 240 240 240 240
240 240 240 240 240 240 240 240 240  10  10 240 240 240 240 240
240 240 240 240 240 240 240 240 240 240 240 240 240 240 240 240
240 240 240 240 240 240 240 240 240 240 240 240 239   8  10 240
240 240 240 240 240 240  10  10  10  10  10  10  10  10  10 240
240 240 240 240 240 240 240 240 240 240 240 240 240 240 237 240
240 240 240 240 240 240 240 240 240 240 240 240 240 240 240 240
240 240 240 240 240 240 240 240 240 240 240 240 240 240 240 240

240 240 240 240 240 240 240 240 240 240 240 240 240 240 240 240
240 240 240 240 240 240  10  10 240 240 240  10  10 237 240 240
240 240 240 240 240 240  10 240 240 240 240   8  10 240 240 240
240 240 240 240 240 240 242 240 240 240 240 239  10 240 240 240
240 240 240 240 240 240 240 240 240 240 240 240  10 240 240 240
240 240 240 240 240 240 240 240 240  10 240 240  10 240 240 240
240 240 240 240 240 240 240 240 240  10 240 240  10 240 240 240
240 240 240 240 240 240 240 240 240 240 240 240  10 240 240 240
240 240 240 240 240 240 240 240 240 240 240 240  10 240 240 240
240 240 240 240 240 240 240  10 240 240 240 240  10 240 240 240
240 240 240 240 240 240 240 240 240 240 240 240 240 240 240 240
240 240 240 240 240 240 240 240 240 240 240 240 240 240 240 240
240 240 240 240 240 240 240 240 240 240 240 240 240 240 240 240
240 240 240 240 240 240 240 240 240 240 240 240 240 240 240 240
240 240 240 240 240 240 240 240 240 240 240 240 240 240 240 240
240 240 240 240 240 240 240 240 240 240 240 240 240 240 240 240
240 240 240 240 240 240 240 240 240 240 240 240 240 240 240 240
240 240 240 240 240 240  10  10 240 240 240  10  10 237 240 240
240 240 240 240 240 240  10 240 240 240 240   8  10 240 240 240
240 240 240 240 240 240 242 240 240 240 240 239  10 240 240 240
240 240 240 240 240 240 240 240 240 240 240 240  10 240 240 240
240 240 240 240 240 240 240 240 240  10 240 240  10 240 240 240
240 240 240 240 240 240 240 240 240  10 240 240  10 240 240 240
240 240 240 240 240 240 240 240 240 240 240 240  10 240 240 240
240 240 240 240 240 240 240 240 240 240 240 240  10 240 240 240
240 240 240 240 240 240 240  10 240 240 240 240  10 240 240 240
240 240 240 240 240 240 240 240 240 240 240 240 240 240 240 240
240 240 240 240 240 240 240 240 240 240 240 240 240 240 240 240
240 240 240 240 240 240 240 240 240 240 240 240 240 240 240 240
240 240 240 240 240 240 240 240 240 240 240 240 240 240 240 240
240 240 240 240 240 240 240 240 240 240 240 240 240 240 240 240
240 240 240 240 240 240 240 240 240 240 240 240 240 240 240 240
240 240 240 240 240 240 240 240 240 240 240 240 240 240 240 240
240 240 240 240 240 240  10  10 240 240 240  10  10 237 240 240
240 240 240 240 240 240  10 240 240 240 240   8  10 240 240 240
240 240 240 240 240 240 242 240 240 240 240 239  10 240 240 240
240 240 240 240 240 240 240 240 240 240 240 240  10 240 240 240
240 240 240 240 240 240 240 240 240  10 240 240  10 240 240 240
240 240 240 240 240 240 240 240 240  10 240 240  10 240 240 240
240 240 240 240 240 240 240 240 240 240 240 240  10 240 240 240
240 240 240 240 240 240 240 240 240 240 240 240  10 240 240 240
240 240 240 240 240 240 240  10 240 240 240 240  10 240 240 240
240 240 240 240 240 240 240 240 240 240 240 240 240 240 240 240
240 240 240 240 240 240 240 240 240 240 240 240 240 240 240 240
240 240 240 240 240 240 240 240 240 240 240 240 240 240 240 240
240 240 240 240 240 240 240 240 240 240 240 240 240 240 240 240
240 240 240 240 240 240 240 240 240 240 240 240 240 240 240 240
240 240 240 240 240 240 240 240 240 240 240 240 240 240 240 240

240 240 240 240 240 240 240 240 240 240 240 240 240 240 240 240
240 240 240 240 240 240 240 240 240 240 240 240 240 240 240 240
240 237 240 240 240 240 240 240 240 240 240 240 240 240 240 240
240  10  10  10  10  10  10  10  10  10 240 240 240 240 240 240
240  10   8 239 240 240 240 240 240 240 240 240 240 240 240 240
240 240 240 240 240 240 240 240 240 240 240 240 240 240 240 240
240 240 240 240 240  10  10 240 240 240 240 240 240 240 240 240
240 240 240 240 240 240 240 240 240 240 240 240 240 240 240 240
240  10 240 240 240 240 240 240 240  10 240 240 240 240 240 240
240  10  10 242 240 240 240 240 240 240 240 240 240 240 240 240
240 240 240 240 240 240 240 240 240 240 240 240 240 240 240 240
240 240 240 240 240 240 240 240 240 240 240 240 240 240 240 240
240 240 240 240 240 240 240 240 240 240 240 240 240 240 240 240
240 240 240 240 240 240 240 240 240 240 240 240 240 240 240 240
240 240 240 240 240 240 240 240 240 240 240 240 240 240 240 240
240 240 240 240 240 240 240 240 240 240 240 240 240 240 240 240
240 240 240 240 240 240 240 240 240 240 240 240 240 240 240 240
240 240 240 240 240 240 240 240 240 240 240 240 240 240 240 240
240 237 240 240 240 240 240 240 240 240 240 240 240 240 240 240
240  10  10  10  10  10  10  10  10  10 240 240 240 240 240 240
240  10   8 239 240 240 240 240 240 240 240 240 240 240 240 240
240 240 240 240 240 240 240 240 240 240 240 240 240 240 240 240
240 240 240 240 240  10  10 240 240 240 240 240 240 240 240 240
240 240 240 240 240 240 240 240 240 240 240 240 240 240 240 240
240  10 240 240 240 240 240 240 240  10 240 240 240 240 240 240
240  10  10 242 240 240 240 240 240 240 240 240 240 240 240 240
240 240 240 240 240 240 240 240 240 240 240 240 240 240 240 240
240 240 240 240 240 240 240 240 240 240 240 240 240 240 240 240
240 240 240 240 240 240 240 240 240 240 240 240 240 240 240 240
240 240 240 240 240 240 240 240 240 240 240 240 240 240 240 240
240 240 240 240 240 240 240 240 240 240 240 240 240 240 240 240
240 240 240 240 240 240 240 240 240 240 240 240 240 240 240 240
240 240 240 240 240 240 240 240 240 240 240 240 240 240 240 240
240 240 240 240 240 240 240 240 240 240 240 240 240 240 240 240
240 237 240 240 240 240 240 240 240 240 240 240 240 240 240 240
240  10  10  10  10  10  10  10  10  10 240 240 240 240 240 240
240  10   8 239 240 240 240 240 240 240 240 240 240 240 240 240
240 240 240 240 240 240 240 240 240 240 240 240 240 240 240 240
240 240 240 240 240  10  10 240 240 240 240 240 240 240 240 240
240 240 240 240 240 240 240 240 240 240 240 240 240 240 240 240
240  10 240 240 240 240 240 240 240  10 240 240 240 240 240 240
240  10  10 242 240 240 240 240 240 240 240 240 240 240 240 240
240 240 240 240 240 240 240 240 240 240 240 240 240 240 240 240
240 240 240 240 240 240 240 240 240 240 240 240 240 240 240 240
240 240 240 240 240 240 240 240 240 240 240 240 240 240 240 240
240 240 240 240 240 240 240 240 240 240 240 240 240 240 240 240
240 240 240 240 240 240 240 240 240 240 240 240 240 240 240 240
240 240 240 240 240 240 240 240 240 240 240 240 240 240 240 240
