240 240 240 240 240 240 240 240 240 240 240 240 240 240 240 240
240 240 240 240 240 240 240 240 240 240 240 240 240 240 240 240
240 240 240 240 240 240 240 240 240 240 240 240 240 240 240 240
240 240 240 240 240 240 240 240 240 240 240 240 240 240 240 240
240 240 240 240  10  12 240 240 240 240 240 240 240 240 240 240
240 240  10  10 240 240 240  10 238 240 240 240 240 240 240 240
240 240  10 240 240 240 240  10  10 240 240 240 240 240 240 240
240 240 240 240 240 240 240  10  10 240 240 240 240 240 240 240
240 240 240 240 240 240 240  10  10 240 240 240 240 240 240 240
240 240 240 240 240  10 240  10  10 240 240 240 240 240 240 240
240 240  10  10 240 240 240  10  10 240 240 240 240 240 240 240
240 240  10  10 240 240 240  10  10 240 240 240 240 240 240 240
240 240  10   6 240 240 240  10  10 240 240 240 240 240 240 240
240 240  10  10 240 240  10  12  10 240 237 240 240 240 240 240
240 240 240 240 240 240 240 240 240 240 240 240 240 240 240 240
240 240 240 240 240 240 240 240 240 240 240 240 240 240 240 240
240 240 240 240 240 240 240 240 240 240 240 240 240 240 240 240
240 240 240 240 240 240 240 240 240 240 240 240 240 240 240 240
240 240 240 240 240 240 240 240 240 240 240 240 240 240 240 240
240 240 240 240 240 240 240 240 240 240 240 240 240 240 240 240
240 240 240 240  10  12 240 240 240 240 240 240 240 240 240 240
240 240  10  10 240 240 240  10 238 240 240 240 240 240 240 240
240 240  10 240 240 240 240  10  10 240 240 240 240 240 240 240
240 240 240 240 240 240 240  10  10 240 240 240 240 240 240 240
240 240 240 240 240 240 240  10  10 240 240 240 240 240 240 240
240 240 240 240 240  10 240  10  10 240 240 240 240 240 240 240
240 240  10  10 240 240 240  10  10 240 240 240 240 240 240 240
240 240  10  10 240 240 240  10  10 240 240 240 240 240 240 240
240 240  10   6 240 240 240  10  10 240 240 240 240 240 240 240
240 240  10  10 240 240  10  12  10 240 237 240 240 240 240 240
240 240 240 240 240 240 240 240 240 240 240 240 240 240 240 240
240 240 240 240 240 240 240 240 240 240 240 240 240 240 240 240
240 240 240 240 240 240 240 240 240 240 240 240 240 240 240 240
240 240 240 240 240 240 240 240 240 240 240 240 240 240 240 240
240 240 240 240 240 240 240 240 240 240 240 240 240 240 240 240
240 240 240 240 240 240 240 240 240 240 240 240 240 240 240 240
240 240 240 240  10  12 240 240 240 240 240 240 240 240 240 240
240 240  10  10 240 240 240  10 238 240 240 240 240 240 240 240
240 240  10 240 240 240 240  10  10 240 240 240 240 240 240 240
240 240 240 240 240 240 240  10  10 240 240 240 240 240 240 240
240 240 240 240 240 240 240  10  10 240 240 240 240 240 240 240
240 240 240 240 240  10 240  10  10 240 240 240 240 240 240 240
240 240  10  10 240 240 240  10  10 240 240 240 240 240 240 240
240 240  10  10 240 240 240  10  10 240 240 240 240 240 240 240
240 240  10   6 240 240 240  10  10 240 240 240 240 240 240 240
240 240  10  10 240 240  10  12  10 240 237 240 240 240 240 240
240 240 240 240 240 240 240 240 240 240 240 240 240 240 240 240
240 240 240 240 240 240 240 240 240 240 240 240 240 240 240 240

240 240 240 240 240 240 240 240 240 240 240 240 240 240 240 240
240 240 240 240 240 240 240 240 240 240 240 240 240 240 240 240
240 240 240 240 240 240 240 240 240 240 240 240 240 240 240 240
240 240 240 240 240 240 240 240 240 240 240 240 240 240 240 240
240 240 240 240 240 240 240 240 240 240 240 240 240 240 240 240
240 240 240 240 240 240 240 240 240 240 240 240 240 237 240 240
240 240 240 240 240 240 240 240 240 240 240 240 240 240 240 240
240 240 240 240 240 238  10  10  10  10  10  10  10  10 240 240
240 240 240 240 240  10  10  10  10  10  10  10  10  12 240 240
240 240 240 240 240 240 240 240 240 240 240 240 240  10 240 240
240 240 240 240  12 240 240 240 240  10 240 240 240 240 240 240
240 240 240 240  10 240 240 240 240 240 240 240 240 240 240 240
240 240 240 240 240  10 240 240 240 240  10  10   6  10 240 240
240 240 240 240 240  10  10 240 240 240  10  10  10  10 240 240
240 240 240 240 240 240 240 240 240 240 240 240 240 240 240 240
240 240 240 240 240 240 240 240 240 240 240 240 240 240 240 240
240 240 240 240 240 240 240 240 240 240 240 240 240 240 240 240
240 240 240 240 240 240 240 240 240 240 240 240 240 240 240 240
240 240 240 240 240 240 240 240 240 240 240 240 240 240 240 240
240 240 240 240 240 240 240 240 240 240 240 240 240 240 240 240
240 240 240 240 240 240 240 240 240 240 240 240 240 240 240 240
240 240 240 240 240 240 240 240 240 240 240 240 240 237 240 240
240 240 240 240 240 240 240 240 240 240 240 240 240 240 240 240
240 240 240 240 240 238  10  10  10  10  10  10  10  10 240 240
240 240 240 240 240  10  10  10  10  10  10  10  10  12 240 240
240 240 240 240 240 240 240 240 240 240 240 240 240  10 240 240
240 240 240 240  12 240 240 240 240  10 240 240 240 240 240 240
240 240 240 240  10 240 240 240 240 240 240 240 240 240 240 240
240 240 240 240 240  10 240 240 240 240  10  10   6  10 240 240
240 240 240 240 240  10  10 240 240 240  10  10  10  10 240 240
240 240 240 240 240 240 240 240 240 240 240 240 240 240 240 240
240 240 240 240 240 240 240 240 240 240 240 240 240 240 240 240
240 240 240 240 240 240 240 240 240 240 240 240 240 240 240 240
240 240 240 240 240 240 240 240 240 240 240 240 240 240 240 240
240 240 240 240 240 240 240 240 240 240 240 240 240 240 240 240
240 240 240 240 240 240 240 240 240 240 240 240 240 240 240 240
240 240 240 240 240 240 240 240 240 240 240 240 240 240 240 240
240 240 240 240 240 240 240 240 240 240 240 240 240 237 240 240
240 240 240 240 240 240 240 240 240 240 240 240 240 240 240 240
240 240 240 240 240 238  10  10  10  10  10  10  10  10 240 240
240 240 240 240 240  10  10  10  10  10  10  10  10  12 240 240
240 240 240 240 240 240 240 240 240 240 240 240 240  10 240 240
240 240 240 240  12 240 240 240 240  10 240 240 240 240 240 240
240 240 240 240  10 240 240 240 240 240 240 240 240 240 240 240
240 240 240 240 240  10 240 240 240 240  10  10   6  10 240 240
240 240 240 240 240  10  10 240 240 240  10  10  10  10 240 240
240 240 240 240 240 240 240 240 240 240 240 240 240 240 240 240
240 240 240 240 240 240 240 240 240 240 240 240 240 240 240 240

240 240 240 240 240 240 240 240 240 240 240 240 240 240 240 240
240 240 240 240 240 240 240 240 240 240 240 240 240 240 240 240
240 240 240 240 240 237 240  10  12  10 240 240  10  10 240 240
240 240 240 240 240 240 240  10  10 240 240 240   6  10 240 240
240 240 240 240 240 240 240  10  10 240 240 240  10  10 240 240
240 240 240 240 240 240 240  10  10 240 240 240  10  10 240 240
240 240 240 240 240 240 240  10  10 240  10 240 240 240 240 240
240 240 240 240 240 240 240  10  10 240 240 240 240 240 240 240
240 240 240 240 240 240 240  10  10 240 240 240 240 240 240 240
240 240 240 240 240 240 240  10  10 240 240 240 240  10 240 240
240 240 240 240 240 240 240 238  10 240 240 240  10  10 240 240
240 240 240 240 240 240 240 240 240 240  12  10 240 240 240 240
240 240 240 240 240 240 240 240 240 240 240 240 240 240 240 240
240 240 240 240 240 240 240 240 240 240 240 240 240 240 240 240
240 240 240 240 240 240 240 240 240 240 240 240 240 240 240 240
240 240 240 240 240 240 240 240 240 240 240 240 240 240 240 240
240 240 240 240 240 240 240 240 240 240 240 240 240 240 240 240
240 240 240 240 240 240 240 240 240 240 240 240 240 240 240 240
240 240 240 240 240 237 240  10  12  10 240 240  10  10 240 240
240 240 240 240 240 240 240  10  10 240 240 240   6  10 240 240
240 240 240 240 240 240 240  10  10 240 240 240  10  10 240 240
240 240 240 240 240 240 240  10  10 240 240 240  10  10 240 240
240 240 240 240 240 240 240  10  10 240  10 240 240 240 240 240
240 240 240 240 240 240 240  10  10 240 240 240 240 240 240 240
240 240 240 240 240 240 240  10  10 240 240 240 240 240 240 240
240 240 240 240 240 240 240  10  10 240 240 240 240  10 240 240
240 240 240 240 240 240 240 238  10 240 240 240  10  10 240 240
240 240 240 240 240 240 240 240 240 240  12  10 240 240 240 240
240 240 240 240 240 240 240 240 240 240 240 240 240 240 240 240
240 240 240 240 240 240 240 240 240 240 240 240 240 240 240 240
240 240 240 240 240 240 240 240 240 240 240 240 240 240 240 240
240 240 240 240 240 240 240 240 240 240 240 240 240 240 240 240
240 240 240 240 240 240 240 240 240 240 240 240 240 240 240 240
240 240 240 240 240 240 240 240 240 240 240 240 240 240 240 240
240 240 240 240 240 237 240  10  12  10 240 240  10  10 240 240
240 240 240 240 240 240 240  10  10 240 240 240   6  10 240 240
240 240 240 240 240 240 240  10  10 240 240 240  10  10 240 240
240 240 240 240 240 240 240  10  10 240 240 240  10  10 240 240
240 240 240 240 240 240 240  10  10 240  10 240 240 240 240 240
240 240 240 240 240 240 240  10  10 240 240 240 240 240 240 240
240 240 240 240 240 240 240  10  10 240 240 240 240 240 240 240
240 240 240 240 240 240 240  10  10 240 240 240 240  10 240 240
240 240 240 240 240 240 240 238  10 240 240 240  10  10 240 240
240 240 240 240 240 240 240 240 240 240  12  10 240 240 240 240
240 240 240 240 240 240 240 240 240 240 240 240 240 240 240 240
240 240 240 240 240 240 240 240 240 240 240 240 240 240 240 240
240 240 240 240 240 240 240 240 240 240 240 240 240 240 240 240
240 240 240 240 240 240 240 240 240 240 240 240 240 240 240 240

240 240 240 240 240 240 240 240 240 240 240 240 240 240 240 240
240 240 240 240 240 240 240 240 240 240 240 240 240 240 240 240
240 240  10  10  10  10 240 240 240  10  10 240 240 240 240 240
240 240  10   6  10  10 240 240 240 240  10 240 240 240 240 240
240 240 240 240 240 240 240 240 240 240 240  10 240 240 240 240
240 240 240 240 240 240  10 240 240 240 240  12 240 240 240 240
240 240  10 240 240 240 240 240 240 240 240 240 240 240 240 240
240 240  12  10  10  10  10  10  10  10  10 240 240 240 240 240
240 240  10  10  10  10  10  10  10  10 238 240 240 240 240 240
240 240 240 240 240 240 240 240 240 240 240 240 240 240 240 240
240 240 237 240 240 240 240 240 240 240 240 240 240 240 240 240
240 240 240 240 240 240 240 240 240 240 240 240 240 240 240 240
240 240 240 240 240 240 240 240 240 240 240 240 240 240 240 240
240 240 240 240 240 240 240 240 240 240 240 240 240 240 240 240
240 240 240 240 240 240 240 240 240 240 240 240 240 240 240 240
240 240 240 240 240 240 240 240 240 240 240 240 240 240 240 240
240 240 240 240 240 240 240 240 240 240 240 240 240 240 240 240
240 240 240 240 240 240 240 240 240 240 240 240 240 240 240 240
240 240  10  10  10  10 240 240 240  10  10 240 240 240 240 240
240 240  10   6  10  10 240 240 240 240  10 240 240 240 240 240
240 240 240 240 240 240 240 240 240 240 240  10 240 240 240 240
240 240 240 240 240 240  10 240 240 240 240  12 240 240 240 240
240 240  10 240 240 240 240 240 240 240 240 240 240 240 240 240
240 240  12  10  10  10  10  10  10  10  10 240 240 240 240 240
240 240  10  10  10  10  10  10  10  10 238 240 240 240 240 240
240 240 240 240 240 240 240 240 240 240 240 240 240 240 240 240
240 240 237 240 240 240 240 240 240 240 240 240 240 240 240 240
240 240 240 240 240 240 240 240 240 240 240 240 240 240 240 240
240 240 240 240 240 240 240 240 240 240 240 240 240 240 240 240
240 240 240 240 240 240 240 240 240 240 240 240 240 240 240 240
240 240 240 240 240 240 240 240 240 240 240 240 240 240 240 240
240 240 240 240 240 240 240 240 240 240 240 240 240 240 240 240
240 240 240 240 240 240 240 240 240 240 240 240 240 240 240 240
240 240 240 240 240 240 240 240 240 240 240 240 240 240 240 240
240 240  10  10  10  10 240 240 240  10  10 240 240 240 240 240
240 240  10   6  10  10 240 240 240 240  10 240 240 240 240 240
240 240 240 240 240 240 240 240 240 240 240  10 240 240 240 240
240 240 240 240 240 240  10 240 240 240 240  12 240 240 240 240
240 240  10 240 240 240 240 240 240 240 240 240 240 240 240 240
240 240  12  10  10  10  10  10  10  10  10 240 240 240 240 240
240 240  10  10  10  10  10  10  10  10 238 240 240 240 240 240
240 240 240 240 240 240 240 240 240 240 240 240 240 240 240 240
240 240 237 240 240 240 240 240 240 240 240 240 240 240 240 240
240 240 240 240 240 240 240 240 240 240 240 240 240 240 240 240
240 240 240 240 240 240 240 240 240 240 240 240 240 240 240 240
240 240 240 240 240 240 240 240 240 240 240 240 240 240 240 240
240 240 240 240 240 240 240 240 240 240 240 240 240 240 240 240
240 240 240 240 240 240 240 240 240 240 240 240 240 240 240 240
