240 240 240 240 240 240 240 240 240 240 240 240 240 240 240 240
240 240 240 240 240 240 240 240 240 240 240 240 240 240 240 240
240 240 240 240 240 240 240 240 240 240 240 240 240 240 240 240
240 240 240 240 240 240 240 240 240 240 240 240 240 240 240 240
240 240 240 240 240 240 240 240 240 240 240 240 240 240 240 240
240 240 240 240 240 240 240 240 240 240 240 240 240 240 240 240
240 240  10  10  10  10  10  10  10 240 240 240 240 240 240 240
240 240 240  10 240 240 240 240  10 240 240 240 240 240 240 240
240 240 240  10 240 240 240 240 240 240 240 240 240 240 240 240
240 240 240  10 240 240  10 240 240 240 240 240 240 240 240 240
240 240 240  10 128  10  10 240 240 240 240 240 240 240 240 240
240 240 240  10 240 240   8 240 240 240 240 240 240 240 240 240
240 240 240  10 240 240 240 240 240 240 240 240 240 240 240 240
240 240 240  10 240 240 240 240 240 240 240 240 240 240 240 240
240 240 240  10  12 240 240 240 240 240 240 240 240 240 240 240
240 240 240 240 240 240 240 240 240 240 240 240 240 240 240 240
240 240 240 240 240 240 240 240 240 240 240 240 240 240 240 240
240 240 240 240 240 240 240 240 240 240 240 240 240 240 240 240
240 240 240 240 240 240 240 240 240 240 240 240 240 240 240 240
240 240 240 240 240 240 240 240 240 240 240 240 240 240 240 240
240 240 240 240 240 240 240 240 240 240 240 240 240 240 240 240
240 240 240 240 240 240 240 240 240 240 240 240 240 240 240 240
240 240  10  10  10  10  10  10  10 240 240 240 240 240 240 240
240 240 240  10 240 240 240 240  10 240 240 240 240 240 240 240
240 240 240  10 240 240 240 240 240 240 240 240 240 240 240 240
240 240 240  10 240 240  10 240 240 240 240 240 240 240 240 240
240 240 240  10 128  10  10 240 240 240 240 240 240 240 240 240
240 240 240  10 240 240   8 240 240 240 240 240 240 240 240 240
240 240 240  10 240 240 240 240 240 240 240 240 240 240 240 240
240 240 240  10 240 240 240 240 240 240 240 240 240 240 240 240
240 240 240  10  12 240 240 240 240 240 240 240 240 240 240 240
240 240 240 240 240 240 240 240 240 240 240 240 240 240 240 240
240 240 240 240 240 240 240 240 240 240 240 240 240 240 240 240
240 240 240 240 240 240 240 240 240 240 240 240 240 240 240 240
240 240 240 240 240 240 240 240 240 240 240 240 240 240 240 240
240 240 240 240 240 240 240 240 240 240 240 240 240 240 240 240
240 240 240 240 240 240 240 240 240 240 240 240 240 240 240 240
240 240 240 240 240 240 240 240 240 240 240 240 240 240 240 240
240 240  10  10  10  10  10  10  10 240 240 240 240 240 240 240
240 240 240  10 240 240 240 240  10 240 240 240 240 240 240 240
240 240 240  10 240 240 240 240 240 240 240 240 240 240 240 240
240 240 240  10 240 240  10 240 240 240 240 240 240 240 240 240
240 240 240  10 128  10  10 240 240 240 240 240 240 240 240 240
240 240 240  10 240 240   8 240 240 240 240 240 240 240 240 240
240 240 240  10 240 240 240 240 240 240 240 240 240 240 240 240
240 240 240  10 240 240 240 240 240 240 240 240 240 240 240 240
240 240 240  10  12 240 240 240 240 240 240 240 240 240 240 240
240 240 240 240 240 240 240 240 240 240 240 240 240 240 240 240

240 240 240 240 240 240 240 240 240 240 240 240 240 240 240 240
240 240 240 240 240 240 240 240 240 240 240 240 240 240 240 240
240 240 240 240 240 240 240 240 240 240 240 240 240 240 240 240
240 240 240 240 240 240 240 240 240 240 240 240 240 240 240 240
240 240 240 240 240 240 240 240 240 240 240 240 240 240 240 240
240 240 240 240 240 240 240 240 240 240 240 240 240 240 240 240
240 240 240 240 240 240 240 240 240 240 240 240 240 240 240 240
240 240 240 240 240 240  10  10 240 240 240 240 240 240 240 240
240 240 240 240 240 240  10 240 240 240 240 240 240 240 240 240
240 240 240 240 240 240  10 240 240  10  10   8 240 240 240 240
240 240 240 240 240 240  10 240 240 240  10 240 240 240 240 240
240 240 240 240 240 240  10 240 240 240 128 240 240 240  12 240
240 240 240 240 240 240  10  10  10  10  10  10  10  10  10 240
240 240 240 240 240 240  10 240 240 240 240 240 240 240 240 240
240 240 240 240 240 240 240 240 240 240 240 240 240 240 240 240
240 240 240 240 240 240 240 240 240 240 240 240 240 240 240 240
240 240 240 240 240 240 240 240 240 240 240 240 240 240 240 240
240 240 240 240 240 240 240 240 240 240 240 240 240 240 240 240
240 240 240 240 240 240 240 240 240 240 240 240 240 240 240 240
240 240 240 240 240 240 240 240 240 240 240 240 240 240 240 240
240 240 240 240 240 240 240 240 240 240 240 240 240 240 240 240
240 240 240 240 240 240 240 240 240 240 240 240 240 240 240 240
240 240 240 240 240 240 240 240 240 240 240 240 240 240 240 240
240 240 240 240 240 240  10  10 240 240 240 240 240 240 240 240
240 240 240 240 240 240  10 240 240 240 240 240 240 240 240 240
240 240 240 240 240 240  10 240 240  10  10   8 240 240 240 240
240 240 240 240 240 240  10 240 240 240  10 240 240 240 240 240
240 240 240 240 240 240  10 240 240 240 128 240 240 240  12 240
240 240 240 240 240 240  10  10  10  10  10  10  10  10  10 240
240 240 240 240 240 240  10 240 240 240 240 240 240 240 240 240
240 240 240 240 240 240 240 240 240 240 240 240 240 240 240 240
240 240 240 240 240 240 240 240 240 240 240 240 240 240 240 240
240 240 240 240 240 240 240 240 240 240 240 240 240 240 240 240
240 240 240 240 240 240 240 240 240 240 240 240 240 240 240 240
240 240 240 240 240 240 240 240 240 240 240 240 240 240 240 240
240 240 240 240 240 240 240 240 240 240 240 240 240 240 240 240
240 240 240 240 240 240 240 240 240 240 240 240 240 240 240 240
240 240 240 240 240 240 240 240 240 240 240 240 240 240 240 240
240 240 240 240 240 240 240 240 240 240 240 240 240 240 240 240
240 240 240 240 240 240  10  10 240 240 240 240 240 240 240 240
240 240 240 240 240 240  10 240 240 240 240 240 240 240 240 240
240 240 240 240 240 240  10 240 240  10  10   8 240 240 240 240
240 240 240 240 240 240  10 240 240 240  10 240 240 240 240 240
240 240 240 240 240 240  10 240 240 240 128 240 240 240  12 240
240 240 240 240 240 240  10  10  10  10  10  10  10  10  10 240
240 240 240 240 240 240  10 240 240 240 240 240 240 240 240 240
240 240 240 240 240 240 240 240 240 240 240 240 240 240 240 240
240 240 240 240 240 240 240 240 240 240 240 240 240 240 240 240

240 240 240 240 240 240 240 240 240 240 240 240 240 240 240 240
240 240 240 240 240 240 240 240 240 240 240  12  10 240 240 240
240 240 240 240 240 240 240 240 240 240 240 240  10 240 240 240
240 240 240 240 240 240 240 240 240 240 240 240  10 240 240 240
240 240 240 240 240 240 240 240 240   8 240 240  10 240 240 240
240 240 240 240 240 240 240 240 240  10  10 128  10 240 240 240
240 240 240 240 240 240 240 240 240  10 240 240  10 240 240 240
240 240 240 240 240 240 240 240 240 240 240 240  10 240 240 240
240 240 240 240 240 240 240  10 240 240 240 240  10 240 240 240
240 240 240 240 240 240 240  10  10  10  10  10  10  10 240 240
240 240 240 240 240 240 240 240 240 240 240 240 240 240 240 240
240 240 240 240 240 240 240 240 240 240 240 240 240 240 240 240
240 240 240 240 240 240 240 240 240 240 240 240 240 240 240 240
240 240 240 240 240 240 240 240 240 240 240 240 240 240 240 240
240 240 240 240 240 240 240 240 240 240 240 240 240 240 240 240
240 240 240 240 240 240 240 240 240 240 240 240 240 240 240 240
240 240 240 240 240 240 240 240 240 240 240 240 240 240 240 240
240 240 240 240 240 240 240 240 240 240 240  12  10 240 240 240
240 240 240 240 240 240 240 240 240 240 240 240  10 240 240 240
240 240 240 240 240 240 240 240 240 240 240 240  10 240 240 240
240 240 240 240 240 240 240 240 240   8 240 240  10 240 240 240
240 240 240 240 240 240 240 240 240  10  10 128  10 240 240 240
240 240 240 240 240 240 240 240 240  10 240 240  10 240 240 240
240 240 240 240 240 240 240 240 240 240 240 240  10 240 240 240
240 240 240 240 240 240 240  10 240 240 240 240  10 240 240 240
240 240 240 240 240 240 240  10  10  10  10  10  10  10 240 240
240 240 240 240 240 240 240 240 240 240 240 240 240 240 240 240
240 240 240 240 240 240 240 240 240 240 240 240 240 240 240 240
240 240 240 240 240 240 240 240 240 240 240 240 240 240 240 240
240 240 240 240 240 240 240 240 240 240 240 240 240 240 240 240
240 240 240 240 240 240 240 240 240 240 240 240 240 240 240 240
240 240 240 240 240 240 240 240 240 240 240 240 240 240 240 240
240 240 240 240 240 240 240 240 240 240 240 240 240 240 240 240
240 240 240 240 240 240 240 240 240 240 240  12  10 240 240 240
240 240 240 240 240 240 240 240 240 240 240 240  10 240 240 240
240 240 240 240 240 240 240 240 240 240 240 240  10 240 240 240
240 240 240 240 240 240 240 240 240   8 240 240  10 240 240 240
240 240 240 240 240 240 240 240 240  10  10 128  10 240 240 240
240 240 240 240 240 240 240 240 240  10 240 240  10 240 240 240
240 240 240 240 240 240 240 240 240 240 240 240  10 240 240 240
240 240 240 240 240 240 240  10 240 240 240 240  10 240 240 240
240 240 240 240 240 240 240  10  10  10  10  10  10  10 240 240
240 240 240 240 240 240 240 240 240 240 240 240 240 240 240 240
240 240 240 240 240 240 240 240 240 240 240 240 240 240 240 240
240 240 240 240 240 240 240 240 240 240 240 240 240 240 240 240
240 240 240 240 240 240 240 240 240 240 240 240 240 240 240 240
240 240 240 240 240 240 240 240 240 240 240 240 240 240 240 240
240 240 240 240 240 240 240 240 240 240 240 240 240 240 240 240

240 240 240 240 240 240 240 240 240 240 240 240 240 240 240 240
240 240 240 240 240 240 240 240 240 240 240 240 240 240 240 240
240 240 240 240 240 240 240 240 240  10 240 240 240 240 240 240
240  10  10  10  10  10  10  10  10  10 240 240 240 240 240 240
240  12 240 240 240 128 240 240 240  10 240 240 240 240 240 240
240 240 240 240 240  10 240 240 240  10 240 240 240 240 240 240
240 240 240 240   8  10  10 240 240  10 240 240 240 240 240 240
240 240 240 240 240 240 240 240 240  10 240 240 240 240 240 240
240 240 240 240 240 240 240 240  10  10 240 240 240 240 240 240
240 240 240 240 240 240 240 240 240 240 240 240 240 240 240 240
240 240 240 240 240 240 240 240 240 240 240 240 240 240 240 240
240 240 240 240 240 240 240 240 240 240 240 240 240 240 240 240
240 240 240 240 240 240 240 240 240 240 240 240 240 240 240 240
240 240 240 240 240 240 240 240 240 240 240 240 240 240 240 240
240 240 240 240 240 240 240 240 240 240 240 240 240 240 240 240
240 240 240 240 240 240 240 240 240 240 240 240 240 240 240 240
240 240 240 240 240 240 240 240 240 240 240 240 240 240 240 240
240 240 240 240 240 240 240 240 240 240 240 240 240 240 240 240
240 240 240 240 240 240 240 240 240  10 240 240 240 240 240 240
240  10  10  10  10  10  10  10  10  10 240 240 240 240 240 240
240  12 240 240 240 128 240 240 240  10 240 240 240 240 240 240
240 240 240 240 240  10 240 240 240  10 240 240 240 240 240 240
240 240 240 240   8  10  10 240 240  10 240 240 240 240 240 240
240 240 240 240 240 240 240 240 240  10 240 240 240 240 240 240
240 240 240 240 240 240 240 240  10  10 240 240 240 240 240 240
240 240 240 240 240 240 240 240 240 240 240 240 240 240 240 240
240 240 240 240 240 240 240 240 240 240 240 240 240 240 240 240
240 240 240 240 240 240 240 240 240 240 240 240 240 240 240 240
240 240 240 240 240 240 240 240 240 240 240 240 240 240 240 240
240 240 240 240 240 240 240 240 240 240 240 240 240 240 240 240
240 240 240 240 240 240 240 240 240 240 240 240 240 240 240 240
240 240 240 240 240 240 240 240 240 240 240 240 240 240 240 240
240 240 240 240 240 240 240 240 240 240 240 240 240 240 240 240
240 240 240 240 240 240 240 240 240 240 240 240 240 240 240 240
240 240 240 240 240 240 240 240 240  10 240 240 240 240 240 240
240  10  10  10  10  10  10  10  10  10 240 240 240 240 240 240
240  12 240 240 240 128 240 240 240  10 240 240 240 240 240 240
240 240 240 240 240  10 240 240 240  10 240 240 240 240 240 240
240 240 240 240   8  10  10 240 240  10 240 240 240 240 240 240
240 240 240 240 240 240 240 240 240  10 240 240 240 240 240 240
240 240 240 240 240 240 240 240  10  10 240 240 240 240 240 240
240 240 240 240 240 240 240 240 240 240 240 240 240 240 240 240
240 240 240 240 240 240 240 240 240 240 240 240 240 240 240 240
240 240 240 240 240 240 240 240 240 240 240 240 240 240 240 240
240 240 240 240 240 240 240 240 240 240 240 240 240 240 240 240
240 240 240 240 240 240 240 240 240 240 240 240 240 240 240 240
240 240 240 240 240 240 240 240 240 240 240 240 240 240 240 240
240 240 240 240 240 240 240 240 240 240 240 240 240 240 240 240
