240 240 240 240 240 240 240 240 240 240 240 240 240 240 240 240
240 240 240 240 240 240 240 240 240 240 240 240 240 240 240 240
240 240 240 240 240 240 240 240 240 240 240 240 240 240 240 240
240 240 240 240 240 240 240 240 240 240 240 240 240 240 240 240
240 240 240 240 240 240 240 240 240 240 240 240 240 240 240 240
240 240 240 240 240 240 240 240 240 240 240 240 240 240 240 240
240 240 240 240  10 240 240 240  10 240 240 240 240 240 240 240
240 240 240  10 240 240 240 240 240 242 240 240 240 240 240 240
240 240  10   8 240 240 240 240 240 188 240 240 240 240 240 240
240 240  10 240 240 240 240 240 240 240 240 240 240 240 240 240
240 240  10 240 240 240 240 240 240 240 240 240 240 240 240 240
240 240  10 240 240 240 240 240 240 240 240 240 240 240 240 240
240 240  10  10 240 240 240 240 240   9 240 240 240 240 240 240
240 240 240  10 240 240 240 240 240 240 240 240 240 240 240 240
240 240 240 240  10   4 240 237 239 240 240 240 240 240 240 240
240 240 240 240 240 240 240 240 240 240 240 240 240 240 240 240
240 240 240 240 240 240 240 240 240 240 240 240 240 240 240 240
240 240 240 240 240 240 240 240 240 240 240 240 240 240 240 240
240 240 240 240 240 240 240 240 240 240 240 240 240 240 240 240
240 240 240 240 240 240 240 240 240 240 240 240 240 240 240 240
240 240 240 240 240 240 240 240 240 240 240 240 240 240 240 240
240 240 240 240 240 240 240 240 240 240 240 240 240 240 240 240
240 240 240 240  10 240 240 240  10 240 240 240 240 240 240 240
240 240 240  10 240 240 240 240 240 242 240 240 240 240 240 240
240 240  10   8 240 240 240 240 240 188 240 240 240 240 240 240
240 240  10 240 240 240 240 240 240 240 240 240 240 240 240 240
240 240  10 240 240 240 240 240 240 240 240 240 240 240 240 240
240 240  10 240 240 240 240 240 240 240 240 240 240 240 240 240
240 240  10  10 240 240 240 240 240   9 240 240 240 240 240 240
240 240 240  10 240 240 240 240 240 240 240 240 240 240 240 240
240 240 240 240  10   4 240 237 239 240 240 240 240 240 240 240
240 240 240 240 240 240 240 240 240 240 240 240 240 240 240 240
240 240 240 240 240 240 240 240 240 240 240 240 240 240 240 240
240 240 240 240 240 240 240 240 240 240 240 240 240 240 240 240
240 240 240 240 240 240 240 240 240 240 240 240 240 240 240 240
240 240 240 240 240 240 240 240 240 240 240 240 240 240 240 240
240 240 240 240 240 240 240 240 240 240 240 240 240 240 240 240
240 240 240 240 240 240 240 240 240 240 240 240 240 240 240 240
240 240 240 240  10 240 240 240  10 240 240 240 240 240 240 240
240 240 240  10 240 240 240 240 240 242 240 240 240 240 240 240
240 240  10   8 240 240 240 240 240 188 240 240 240 240 240 240
240 240  10 240 240 240 240 240 240 240 240 240 240 240 240 240
240 240  10 240 240 240 240 240 240 240 240 240 240 240 240 240
240 240  10 240 240 240 240 240 240 240 240 240 240 240 240 240
240 240  10  10 240 240 240 240 240   9 240 240 240 240 240 240
240 240 240  10 240 240 240 240 240 240 240 240 240 240 240 240
240 240 240 240  10   4 240 237 239 240 240 240 240 240 240 240
240 240 240 240 240 240 240 240 240 240 240 240 240 240 240 240

240 240 240 240 240 240 240 240 240 240 240 240 240 240 240 240
240 240 240 240 240 240 240 240 240 240 240 240 240 240 240 240
240 240 240 240 240 240 240 240 240 240 240 240 240 240 240 240
240 240 240 240 240 240 240 240 240 240 240 240 240 240 240 240
240 240 240 240 240 240 240 240 240 240 240 240 240 240 240 240
240 240 240 240 240 240 240 240 240 240 240 240 240 240 240 240
240 240 240 240 240 240 240 242 188 240 240 240   9 240 240 240
240 240 240 240 240 240  10 240 240 240 240 240 240 240 239 240
240 240 240 240 240 240 240 240 240 240 240 240 240 240 237 240
240 240 240 240 240 240 240 240 240 240 240 240 240 240 240 240
240 240 240 240 240 240 240 240 240 240 240 240 240 240   4 240
240 240 240 240 240 240  10 240 240 240 240 240 240 240  10 240
240 240 240 240 240 240 240  10   8 240 240 240  10  10 240 240
240 240 240 240 240 240 240 240  10  10  10  10  10 240 240 240
240 240 240 240 240 240 240 240 240 240 240 240 240 240 240 240
240 240 240 240 240 240 240 240 240 240 240 240 240 240 240 240
240 240 240 240 240 240 240 240 240 240 240 240 240 240 240 240
240 240 240 240 240 240 240 240 240 240 240 240 240 240 240 240
240 240 240 240 240 240 240 240 240 240 240 240 240 240 240 240
240 240 240 240 240 240 240 240 240 240 240 240 240 240 240 240
240 240 240 240 240 240 240 240 240 240 240 240 240 240 240 240
240 240 240 240 240 240 240 240 240 240 240 240 240 240 240 240
240 240 240 240 240 240 240 242 188 240 240 240   9 240 240 240
240 240 240 240 240 240  10 240 240 240 240 240 240 240 239 240
240 240 240 240 240 240 240 240 240 240 240 240 240 240 237 240
240 240 240 240 240 240 240 240 240 240 240 240 240 240 240 240
240 240 240 240 240 240 240 240 240 240 240 240 240 240   4 240
240 240 240 240 240 240  10 240 240 240 240 240 240 240  10 240
240 240 240 240 240 240 240  10   8 240 240 240  10  10 240 240
240 240 240 240 240 240 240 240  10  10  10  10  10 240 240 240
240 240 240 240 240 240 240 240 240 240 240 240 240 240 240 240
240 240 240 240 240 240 240 240 240 240 240 240 240 240 240 240
240 240 240 240 240 240 240 240 240 240 240 240 240 240 240 240
240 240 240 240 240 240 240 240 240 240 240 240 240 240 240 240
240 240 240 240 240 240 240 240 240 240 240 240 240 240 240 240
240 240 240 240 240 240 240 240 240 240 240 240 240 240 240 240
240 240 240 240 240 240 240 240 240 240 240 240 240 240 240 240
240 240 240 240 240 240 240 240 240 240 240 240 240 240 240 240
240 240 240 240 240 240 240 242 188 240 240 240   9 240 240 240
240 240 240 240 240 240  10 240 240 240 240 240 240 240 239 240
240 240 240 240 240 240 240 240 240 240 240 240 240 240 237 240
240 240 240 240 240 240 240 240 240 240 240 240 240 240 240 240
240 240 240 240 240 240 240 240 240 240 240 240 240 240   4 240
240 240 240 240 240 240  10 240 240 240 240 240 240 240  10 240
240 240 240 240 240 240 240  10   8 240 240 240  10  10 240 240
240 240 240 240 240 240 240 240  10  10  10  10  10 240 240 240
240 240 240 240 240 240 240 240 240 240 240 240 240 240 240 240
240 240 240 240 240 240 240 240 240 240 240 240 240 240 240 240

240 240 240 240 240 240 240 240 240 240 240 240 240 240 240 240
240 240 240 240 240 240 240 239 237 240   4  10 240 240 240 240
240 240 240 240 240 240 240 240 240 240 240 240  10 240 240 240
240 240 240 240 240 240   9 240 240 240 240 240  10  10 240 240
240 240 240 240 240 240 240 240 240 240 240 240 240  10 240 240
240 240 240 240 240 240 240 240 240 240 240 240 240  10 240 240
240 240 240 240 240 240 240 240 240 240 240 240 240  10 240 240
240 240 240 240 240 240 188 240 240 240 240 240   8  10 240 240
240 240 240 240 240 240 242 240 240 240 240 240  10 240 240 240
240 240 240 240 240 240 240  10 240 240 240  10 240 240 240 240
240 240 240 240 240 240 240 240 240 240 240 240 240 240 240 240
240 240 240 240 240 240 240 240 240 240 240 240 240 240 240 240
240 240 240 240 240 240 240 240 240 240 240 240 240 240 240 240
240 240 240 240 240 240 240 240 240 240 240 240 240 240 240 240
240 240 240 240 240 240 240 240 240 240 240 240 240 240 240 240
240 240 240 240 240 240 240 240 240 240 240 240 240 240 240 240
240 240 240 240 240 240 240 240 240 240 240 240 240 240 240 240
240 240 240 240 240 240 240 239 237 240   4  10 240 240 240 240
240 240 240 240 240 240 240 240 240 240 240 240  10 240 240 240
240 240 240 240 240 240   9 240 240 240 240 240  10  10 240 240
240 240 240 240 240 240 240 240 240 240 240 240 240  10 240 240
240 240 240 240 240 240 240 240 240 240 240 240 240  10 240 240
240 240 240 240 240 240 240 240 240 240 240 240 240  10 240 240
240 240 240 240 240 240 188 240 240 240 240 240   8  10 240 240
240 240 240 240 240 240 242 240 240 240 240 240  10 240 240 240
240 240 240 240 240 240 240  10 240 240 240  10 240 240 240 240
240 240 240 240 240 240 240 240 240 240 240 240 240 240 240 240
240 240 240 240 240 240 240 240 240 240 240 240 240 240 240 240
240 240 240 240 240 240 240 240 240 240 240 240 240 240 240 240
240 240 240 240 240 240 240 240 240 240 240 240 240 240 240 240
240 240 240 240 240 240 240 240 240 240 240 240 240 240 240 240
240 240 240 240 240 240 240 240 240 240 240 240 240 240 240 240
240 240 240 240 240 240 240 240 240 240 240 240 240 240 240 240
240 240 240 240 240 240 240 239 237 240   4  10 240 240 240 240
240 240 240 240 240 240 240 240 240 240 240 240  10 240 240 240
240 240 240 240 240 240   9 240 240 240 240 240  10  10 240 240
240 240 240 240 240 240 240 240 240 240 240 240 240  10 240 240
240 240 240 240 240 240 240 240 240 240 240 240 240  10 240 240
240 240 240 240 240 240 240 240 240 240 240 240 240  10 240 240
240 240 240 240 240 240 188 240 240 240 240 240   8  10 240 240
240 240 240 240 240 240 242 240 240 240 240 240  10 240 240 240
240 240 240 240 240 240 240  10 240 240 240  10 240 240 240 240
240 240 240 240 240 240 240 240 240 240 240 240 240 240 240 240
240 240 240 240 240 240 240 240 240 240 240 240 240 240 240 240
240 240 240 240 240 240 240 240 240 240 240 240 240 240 240 240
240 240 240 240 240 240 240 240 240 240 240 240 240 240 240 240
240 240 240 240 240 240 240 240 240 240 240 240 240 240 240 240
240 240 240 240 240 240 240 240 240 240 240 240 240 240 240 240

240 240 240 240 240 240 240 240 240 240 240 240 240 240 240 240
240 240 240 240 240 240 240 240 240 240 240 240 240 240 240 240
240 240 240  10  10  10  10  10 240 240 240 240 240 240 240 240
240 240  10  10 240 240 240   8  10 240 240 240 240 240 240 240
240  10 240 240 240 240 240 240 240  10 240 240 240 240 240 240
240   4 240 240 240 240 240 240 240 240 240 240 240 240 240 240
240 240 240 240 240 240 240 240 240 240 240 240 240 240 240 240
240 237 240 240 240 240 240 240 240 240 240 240 240 240 240 240
240 239 240 240 240 240 240 240 240  10 240 240 240 240 240 240
240 240 240   9 240 240 240 188 242 240 240 240 240 240 240 240
240 240 240 240 240 240 240 240 240 240 240 240 240 240 240 240
240 240 240 240 240 240 240 240 240 240 240 240 240 240 240 240
240 240 240 240 240 240 240 240 240 240 240 240 240 240 240 240
240 240 240 240 240 240 240 240 240 240 240 240 240 240 240 240
240 240 240 240 240 240 240 240 240 240 240 240 240 240 240 240
240 240 240 240 240 240 240 240 240 240 240 240 240 240 240 240
240 240 240 240 240 240 240 240 240 240 240 240 240 240 240 240
240 240 240 240 240 240 240 240 240 240 240 240 240 240 240 240
240 240 240  10  10  10  10  10 240 240 240 240 240 240 240 240
240 240  10  10 240 240 240   8  10 240 240 240 240 240 240 240
240  10 240 240 240 240 240 240 240  10 240 240 240 240 240 240
240   4 240 240 240 240 240 240 240 240 240 240 240 240 240 240
240 240 240 240 240 240 240 240 240 240 240 240 240 240 240 240
240 237 240 240 240 240 240 240 240 240 240 240 240 240 240 240
240 239 240 240 240 240 240 240 240  10 240 240 240 240 240 240
240 240 240   9 240 240 240 188 242 240 240 240 240 240 240 240
240 240 240 240 240 240 240 240 240 240 240 240 240 240 240 240
240 240 240 240 240 240 240 240 240 240 240 240 240 240 240 240
240 240 240 240 240 240 240 240 240 240 240 240 240 240 240 240
240 240 240 240 240 240 240 240 240 240 240 240 240 240 240 240
240 240 240 240 240 240 240 240 240 240 240 240 240 240 240 240
240 240 240 240 240 240 240 240 240 240 240 240 240 240 240 240
240 240 240 240 240 240 240 240 240 240 240 240 240 240 240 240
240 240 240 240 240 240 240 240 240 240 240 240 240 240 240 240
240 240 240  10  10  10  10  10 240 240 240 240 240 240 240 240
240 240  10  10 240 240 240   8  10 240 240 240 240 240 240 240
240  10 240 240 240 240 240 240 240  10 240 240 240 240 240 240
240   4 240 240 240 240 240 240 240 240 240 240 240 240 240 240
240 240 240 240 240 240 240 240 240 240 240 240 240 240 240 240
240 237 240 240 240 240 240 240 240 240 240 240 240 240 240 240
240 239 240 240 240 240 240 240 240  10 240 240 240 240 240 240
240 240 240   9 240 240 240 188 242 240 240 240 240 240 240 240
240 240 240 240 240 240 240 240 240 240 240 240 240 240 240 240
240 240 240 240 240 240 240 240 240 240 240 240 240 240 240 240
240 240 240 240 240 240 240 240 240 240 240 240 240 240 240 240
240 240 240 240 240 240 240 240 240 240 240 240 240 240 240 240
240 240 240 240 240 240 240 240 240 240 240 240 240 240 240 240
240 240 240 240 240 240 240 240 240 240 240 240 240 240 240 240
